   1.99678878607124     
   1.97760491776207     
   1.92079053813526     
   1.82852899193798     
   1.70436583864973     
   1.55307259861988     
   1.38046338621655     
   1.19317147667203     
  0.998394393035618     
  0.803617309399205     
  0.616325399854686     
  0.443716187451357     
  0.292422947421504     
  0.168259794133257     
  7.599824793598264E-002
  1.918386830916730E-002
 -1.221245327087672E-015
  1.918386830916508E-002
  7.599824793598287E-002
  0.168259794133259     
  0.292422947421505     
  0.443716187451356     
  0.616325399854687     
  0.803617309399202     
  0.998394393035618     
   1.19317147667203     
   1.38046338621655     
   1.55307259861988     
   1.70436583864973     
   1.82852899193798     
   1.92079053813525     
   1.97760491776207     
 
   1.97760491776207     
   1.95842104945290     
   1.90160666982609     
   1.80934512362881     
   1.68518197034057     
   1.53388873031071     
   1.36127951790739     
   1.17398760836287     
  0.979210524726452     
  0.784433441090038     
  0.597141531545520     
  0.424532319142191     
  0.273239079112337     
  0.149075925824091     
  5.681437962681646E-002
  1.110223024625157E-015
 -1.918386830916741E-002
 -1.110223024625157E-015
  5.681437962681668E-002
  0.149075925824092     
  0.273239079112339     
  0.424532319142190     
  0.597141531545521     
  0.784433441090036     
  0.979210524726452     
   1.17398760836287     
   1.36127951790738     
   1.53388873031071     
   1.68518197034057     
   1.80934512362881     
   1.90160666982609     
   1.95842104945291     
 
   1.92079053813526     
   1.90160666982609     
   1.84479229019927     
   1.75253074400200     
   1.62836759071375     
   1.47707435068390     
   1.30446513828057     
   1.11717322873605     
  0.922396145099636     
  0.727619061463223     
  0.540327151918704     
  0.367717939515376     
  0.216424699485522     
  9.226154619727545E-002
  8.881784197001252E-016
 -5.681437962681446E-002
 -7.599824793598298E-002
 -5.681437962681668E-002
  1.110223024625157E-015
  9.226154619727689E-002
  0.216424699485523     
  0.367717939515374     
  0.540327151918705     
  0.727619061463221     
  0.922396145099636     
   1.11717322873605     
   1.30446513828057     
   1.47707435068390     
   1.62836759071375     
   1.75253074400200     
   1.84479229019927     
   1.90160666982609     
 
   1.82852899193798     
   1.80934512362881     
   1.75253074400200     
   1.66026919780472     
   1.53610604451647     
   1.38481280448662     
   1.21220359208329     
   1.02491168253877     
  0.830134598902360     
  0.635357515265946     
  0.448065605721428     
  0.275456393318099     
  0.124163153288245     
 -8.881784197001252E-016
 -9.226154619727545E-002
 -0.149075925824091     
 -0.168259794133259     
 -0.149075925824093     
 -9.226154619727522E-002
  5.551115123125783E-016
  0.124163153288247     
  0.275456393318098     
  0.448065605721429     
  0.635357515265944     
  0.830134598902360     
   1.02491168253877     
   1.21220359208329     
   1.38481280448662     
   1.53610604451647     
   1.66026919780472     
   1.75253074400199     
   1.80934512362881     
 
   1.70436583864973     
   1.68518197034057     
   1.62836759071375     
   1.53610604451647     
   1.41194289122823     
   1.26064965119838     
   1.08804043879505     
  0.900748529250529     
  0.705971445614114     
  0.511194361977700     
  0.323902452433182     
  0.151293240029853     
 -5.551115123125783E-016
 -0.124163153288247     
 -0.216424699485521     
 -0.273239079112337     
 -0.292422947421505     
 -0.273239079112339     
 -0.216424699485521     
 -0.124163153288245     
  1.110223024625157E-015
  0.151293240029852     
  0.323902452433183     
  0.511194361977698     
  0.705971445614114     
  0.900748529250529     
   1.08804043879505     
   1.26064965119837     
   1.41194289122823     
   1.53610604451648     
   1.62836759071375     
   1.68518197034057     
 
   1.55307259861988     
   1.53388873031071     
   1.47707435068390     
   1.38481280448662     
   1.26064965119838     
   1.10935641116852     
  0.936747198765194     
  0.749455289220676     
  0.554678205584261     
  0.359901121947847     
  0.172609212403329     
  0.000000000000000E+000
 -0.151293240029854     
 -0.275456393318100     
 -0.367717939515375     
 -0.424532319142190     
 -0.443716187451359     
 -0.424532319142192     
 -0.367717939515374     
 -0.275456393318099     
 -0.151293240029852     
 -1.110223024625157E-015
  0.172609212403330     
  0.359901121947845     
  0.554678205584261     
  0.749455289220676     
  0.936747198765193     
   1.10935641116852     
   1.26064965119838     
   1.38481280448662     
   1.47707435068389     
   1.53388873031071     
 
   1.38046338621655     
   1.36127951790739     
   1.30446513828057     
   1.21220359208329     
   1.08804043879505     
  0.936747198765194     
  0.764137986361866     
  0.576846076817347     
  0.382068993180932     
  0.187291909544519     
  5.551115123125783E-016
 -0.172609212403328     
 -0.323902452433182     
 -0.448065605721428     
 -0.540327151918703     
 -0.597141531545518     
 -0.616325399854687     
 -0.597141531545520     
 -0.540327151918703     
 -0.448065605721427     
 -0.323902452433180     
 -0.172609212403329     
  1.720845688168993E-015
  0.187291909544517     
  0.382068993180932     
  0.576846076817347     
  0.764137986361865     
  0.936747198765192     
   1.08804043879505     
   1.21220359208329     
   1.30446513828057     
   1.36127951790739     
 
   1.19317147667203     
   1.17398760836287     
   1.11717322873605     
   1.02491168253877     
  0.900748529250529     
  0.749455289220676     
  0.576846076817347     
  0.389554167272829     
  0.194777083636414     
  5.828670879282072E-016
 -0.187291909544518     
 -0.359901121947847     
 -0.511194361977700     
 -0.635357515265947     
 -0.727619061463221     
 -0.784433441090037     
 -0.803617309399205     
 -0.784433441090039     
 -0.727619061463221     
 -0.635357515265945     
 -0.511194361977699     
 -0.359901121947848     
 -0.187291909544517     
 -1.693090112553364E-015
  0.194777083636414     
  0.389554167272829     
  0.576846076817347     
  0.749455289220674     
  0.900748529250529     
   1.02491168253878     
   1.11717322873605     
   1.17398760836287     
 
  0.998394393035618     
  0.979210524726452     
  0.922396145099636     
  0.830134598902360     
  0.705971445614114     
  0.554678205584261     
  0.382068993180932     
  0.194777083636414     
 -1.130863886742584E-015
 -0.194777083636414     
 -0.382068993180933     
 -0.554678205584262     
 -0.705971445614115     
 -0.830134598902362     
 -0.922396145099636     
 -0.979210524726452     
 -0.998394393035620     
 -0.979210524726454     
 -0.922396145099636     
 -0.830134598902360     
 -0.705971445614114     
 -0.554678205584263     
 -0.382068993180932     
 -0.194777083636417     
 -1.130863886742584E-015
  0.194777083636414     
  0.382068993180932     
  0.554678205584259     
  0.705971445614114     
  0.830134598902361     
  0.922396145099633     
  0.979210524726452     
 
  0.803617309399205     
  0.784433441090038     
  0.727619061463223     
  0.635357515265946     
  0.511194361977700     
  0.359901121947847     
  0.187291909544519     
  5.828670879282072E-016
 -0.194777083636414     
 -0.389554167272828     
 -0.576846076817346     
 -0.749455289220675     
 -0.900748529250529     
  -1.02491168253878     
  -1.11717322873605     
  -1.17398760836286     
  -1.19317147667203     
  -1.17398760836287     
  -1.11717322873605     
  -1.02491168253877     
 -0.900748529250527     
 -0.749455289220676     
 -0.576846076817345     
 -0.389554167272830     
 -0.194777083636414     
  5.828670879282072E-016
  0.187291909544518     
  0.359901121947846     
  0.511194361977700     
  0.635357515265947     
  0.727619061463219     
  0.784433441090039     
 
  0.616325399854686     
  0.597141531545520     
  0.540327151918704     
  0.448065605721428     
  0.323902452433182     
  0.172609212403329     
  5.551115123125783E-016
 -0.187291909544518     
 -0.382068993180933     
 -0.576846076817346     
 -0.764137986361865     
 -0.936747198765193     
  -1.08804043879505     
  -1.21220359208329     
  -1.30446513828057     
  -1.36127951790738     
  -1.38046338621655     
  -1.36127951790739     
  -1.30446513828057     
  -1.21220359208329     
  -1.08804043879505     
 -0.936747198765195     
 -0.764137986361864     
 -0.576846076817348     
 -0.382068993180933     
 -0.187291909544518     
  0.000000000000000E+000
  0.172609212403327     
  0.323902452433182     
  0.448065605721429     
  0.540327151918701     
  0.597141531545521     
 
  0.443716187451357     
  0.424532319142191     
  0.367717939515376     
  0.275456393318099     
  0.151293240029853     
  0.000000000000000E+000
 -0.172609212403328     
 -0.359901121947847     
 -0.554678205584262     
 -0.749455289220675     
 -0.936747198765193     
  -1.10935641116852     
  -1.26064965119838     
  -1.38481280448662     
  -1.47707435068390     
  -1.53388873031071     
  -1.55307259861988     
  -1.53388873031071     
  -1.47707435068390     
  -1.38481280448662     
  -1.26064965119837     
  -1.10935641116852     
 -0.936747198765192     
 -0.749455289220677     
 -0.554678205584262     
 -0.359901121947847     
 -0.172609212403329     
 -1.665334536937735E-015
  0.151293240029853     
  0.275456393318100     
  0.367717939515372     
  0.424532319142192     
 
  0.292422947421504     
  0.273239079112337     
  0.216424699485522     
  0.124163153288245     
 -5.551115123125783E-016
 -0.151293240029854     
 -0.323902452433182     
 -0.511194361977700     
 -0.705971445614115     
 -0.900748529250529     
  -1.08804043879505     
  -1.26064965119838     
  -1.41194289122823     
  -1.53610604451648     
  -1.62836759071375     
  -1.68518197034057     
  -1.70436583864973     
  -1.68518197034057     
  -1.62836759071375     
  -1.53610604451647     
  -1.41194289122823     
  -1.26064965119838     
  -1.08804043879505     
 -0.900748529250531     
 -0.705971445614115     
 -0.511194361977700     
 -0.323902452433182     
 -0.151293240029855     
 -5.551115123125783E-016
  0.124163153288246     
  0.216424699485518     
  0.273239079112338     
 
  0.168259794133257     
  0.149075925824091     
  9.226154619727545E-002
 -8.881784197001252E-016
 -0.124163153288247     
 -0.275456393318100     
 -0.448065605721428     
 -0.635357515265947     
 -0.830134598902362     
  -1.02491168253878     
  -1.21220359208329     
  -1.38481280448662     
  -1.53610604451648     
  -1.66026919780472     
  -1.75253074400200     
  -1.80934512362881     
  -1.82852899193798     
  -1.80934512362881     
  -1.75253074400200     
  -1.66026919780472     
  -1.53610604451647     
  -1.38481280448662     
  -1.21220359208329     
  -1.02491168253878     
 -0.830134598902362     
 -0.635357515265947     
 -0.448065605721429     
 -0.275456393318102     
 -0.124163153288247     
  0.000000000000000E+000
  9.226154619727200E-002
  0.149075925824092     
 
  7.599824793598264E-002
  5.681437962681646E-002
  8.881784197001252E-016
 -9.226154619727545E-002
 -0.216424699485521     
 -0.367717939515375     
 -0.540327151918703     
 -0.727619061463221     
 -0.922396145099636     
  -1.11717322873605     
  -1.30446513828057     
  -1.47707435068390     
  -1.62836759071375     
  -1.75253074400200     
  -1.84479229019927     
  -1.90160666982609     
  -1.92079053813526     
  -1.90160666982609     
  -1.84479229019927     
  -1.75253074400200     
  -1.62836759071375     
  -1.47707435068390     
  -1.30446513828057     
  -1.11717322873605     
 -0.922396145099636     
 -0.727619061463221     
 -0.540327151918703     
 -0.367717939515376     
 -0.216424699485521     
 -9.226154619727456E-002
 -2.553512956637860E-015
  5.681437962681712E-002
 
  1.918386830916730E-002
  1.110223024625157E-015
 -5.681437962681446E-002
 -0.149075925824091     
 -0.273239079112337     
 -0.424532319142190     
 -0.597141531545518     
 -0.784433441090037     
 -0.979210524726452     
  -1.17398760836286     
  -1.36127951790738     
  -1.53388873031071     
  -1.68518197034057     
  -1.80934512362881     
  -1.90160666982609     
  -1.95842104945290     
  -1.97760491776207     
  -1.95842104945290     
  -1.90160666982609     
  -1.80934512362881     
  -1.68518197034056     
  -1.53388873031071     
  -1.36127951790738     
  -1.17398760836287     
 -0.979210524726452     
 -0.784433441090037     
 -0.597141531545519     
 -0.424532319142192     
 -0.273239079112337     
 -0.149075925824090     
 -5.681437962681790E-002
  1.776356839400250E-015
 
 -1.221245327087672E-015
 -1.918386830916741E-002
 -7.599824793598298E-002
 -0.168259794133259     
 -0.292422947421505     
 -0.443716187451359     
 -0.616325399854687     
 -0.803617309399205     
 -0.998394393035620     
  -1.19317147667203     
  -1.38046338621655     
  -1.55307259861988     
  -1.70436583864973     
  -1.82852899193798     
  -1.92079053813526     
  -1.97760491776207     
  -1.99678878607124     
  -1.97760491776207     
  -1.92079053813526     
  -1.82852899193798     
  -1.70436583864973     
  -1.55307259861988     
  -1.38046338621655     
  -1.19317147667204     
 -0.998394393035620     
 -0.803617309399205     
 -0.616325399854687     
 -0.443716187451360     
 -0.292422947421505     
 -0.168259794133258     
 -7.599824793598642E-002
 -1.918386830916674E-002
 
  1.918386830916508E-002
 -1.110223024625157E-015
 -5.681437962681668E-002
 -0.149075925824093     
 -0.273239079112339     
 -0.424532319142192     
 -0.597141531545520     
 -0.784433441090039     
 -0.979210524726454     
  -1.17398760836287     
  -1.36127951790739     
  -1.53388873031071     
  -1.68518197034057     
  -1.80934512362881     
  -1.90160666982609     
  -1.95842104945290     
  -1.97760491776207     
  -1.95842104945291     
  -1.90160666982609     
  -1.80934512362881     
  -1.68518197034057     
  -1.53388873031072     
  -1.36127951790738     
  -1.17398760836287     
 -0.979210524726454     
 -0.784433441090039     
 -0.597141531545521     
 -0.424532319142194     
 -0.273239079112339     
 -0.149075925824092     
 -5.681437962682012E-002
 -4.440892098500626E-016
 
  7.599824793598287E-002
  5.681437962681668E-002
  1.110223024625157E-015
 -9.226154619727522E-002
 -0.216424699485521     
 -0.367717939515374     
 -0.540327151918703     
 -0.727619061463221     
 -0.922396145099636     
  -1.11717322873605     
  -1.30446513828057     
  -1.47707435068390     
  -1.62836759071375     
  -1.75253074400200     
  -1.84479229019927     
  -1.90160666982609     
  -1.92079053813526     
  -1.90160666982609     
  -1.84479229019927     
  -1.75253074400200     
  -1.62836759071375     
  -1.47707435068390     
  -1.30446513828057     
  -1.11717322873605     
 -0.922396145099636     
 -0.727619061463221     
 -0.540327151918703     
 -0.367717939515376     
 -0.216424699485521     
 -9.226154619727434E-002
 -2.331468351712829E-015
  5.681437962681735E-002
 
  0.168259794133259     
  0.149075925824092     
  9.226154619727689E-002
  5.551115123125783E-016
 -0.124163153288245     
 -0.275456393318099     
 -0.448065605721427     
 -0.635357515265945     
 -0.830134598902360     
  -1.02491168253877     
  -1.21220359208329     
  -1.38481280448662     
  -1.53610604451647     
  -1.66026919780472     
  -1.75253074400200     
  -1.80934512362881     
  -1.82852899193798     
  -1.80934512362881     
  -1.75253074400200     
  -1.66026919780472     
  -1.53610604451647     
  -1.38481280448662     
  -1.21220359208329     
  -1.02491168253878     
 -0.830134598902360     
 -0.635357515265945     
 -0.448065605721427     
 -0.275456393318100     
 -0.124163153288245     
  1.443289932012704E-015
  9.226154619727345E-002
  0.149075925824093     
 
  0.292422947421505     
  0.273239079112339     
  0.216424699485523     
  0.124163153288247     
  1.110223024625157E-015
 -0.151293240029852     
 -0.323902452433180     
 -0.511194361977699     
 -0.705971445614114     
 -0.900748529250527     
  -1.08804043879505     
  -1.26064965119837     
  -1.41194289122823     
  -1.53610604451647     
  -1.62836759071375     
  -1.68518197034056     
  -1.70436583864973     
  -1.68518197034057     
  -1.62836759071375     
  -1.53610604451647     
  -1.41194289122823     
  -1.26064965119838     
  -1.08804043879504     
 -0.900748529250529     
 -0.705971445614114     
 -0.511194361977699     
 -0.323902452433181     
 -0.151293240029854     
  1.110223024625157E-015
  0.124163153288248     
  0.216424699485520     
  0.273239079112340     
 
  0.443716187451356     
  0.424532319142190     
  0.367717939515374     
  0.275456393318098     
  0.151293240029852     
 -1.110223024625157E-015
 -0.172609212403329     
 -0.359901121947848     
 -0.554678205584263     
 -0.749455289220676     
 -0.936747198765195     
  -1.10935641116852     
  -1.26064965119838     
  -1.38481280448662     
  -1.47707435068390     
  -1.53388873031071     
  -1.55307259861988     
  -1.53388873031072     
  -1.47707435068390     
  -1.38481280448662     
  -1.26064965119838     
  -1.10935641116852     
 -0.936747198765193     
 -0.749455289220678     
 -0.554678205584263     
 -0.359901121947848     
 -0.172609212403330     
 -2.775557561562891E-015
  0.151293240029852     
  0.275456393318099     
  0.367717939515371     
  0.424532319142191     
 
  0.616325399854687     
  0.597141531545521     
  0.540327151918705     
  0.448065605721429     
  0.323902452433183     
  0.172609212403330     
  1.720845688168993E-015
 -0.187291909544517     
 -0.382068993180932     
 -0.576846076817345     
 -0.764137986361864     
 -0.936747198765192     
  -1.08804043879505     
  -1.21220359208329     
  -1.30446513828057     
  -1.36127951790738     
  -1.38046338621655     
  -1.36127951790738     
  -1.30446513828057     
  -1.21220359208329     
  -1.08804043879504     
 -0.936747198765193     
 -0.764137986361862     
 -0.576846076817347     
 -0.382068993180932     
 -0.187291909544517     
  1.165734175856414E-015
  0.172609212403328     
  0.323902452433183     
  0.448065605721430     
  0.540327151918702     
  0.597141531545522     
 
  0.803617309399202     
  0.784433441090036     
  0.727619061463221     
  0.635357515265944     
  0.511194361977698     
  0.359901121947845     
  0.187291909544517     
 -1.693090112553364E-015
 -0.194777083636417     
 -0.389554167272830     
 -0.576846076817348     
 -0.749455289220677     
 -0.900748529250531     
  -1.02491168253878     
  -1.11717322873605     
  -1.17398760836287     
  -1.19317147667204     
  -1.17398760836287     
  -1.11717322873605     
  -1.02491168253878     
 -0.900748529250529     
 -0.749455289220678     
 -0.576846076817347     
 -0.389554167272832     
 -0.194777083636417     
 -1.693090112553364E-015
  0.187291909544516     
  0.359901121947843     
  0.511194361977698     
  0.635357515265945     
  0.727619061463217     
  0.784433441090037     
 
  0.998394393035618     
  0.979210524726452     
  0.922396145099636     
  0.830134598902360     
  0.705971445614114     
  0.554678205584261     
  0.382068993180932     
  0.194777083636414     
 -1.130863886742584E-015
 -0.194777083636414     
 -0.382068993180933     
 -0.554678205584262     
 -0.705971445614115     
 -0.830134598902362     
 -0.922396145099636     
 -0.979210524726452     
 -0.998394393035620     
 -0.979210524726454     
 -0.922396145099636     
 -0.830134598902360     
 -0.705971445614114     
 -0.554678205584263     
 -0.382068993180932     
 -0.194777083636417     
 -1.130863886742584E-015
  0.194777083636414     
  0.382068993180932     
  0.554678205584259     
  0.705971445614114     
  0.830134598902361     
  0.922396145099633     
  0.979210524726452     
 
   1.19317147667203     
   1.17398760836287     
   1.11717322873605     
   1.02491168253877     
  0.900748529250529     
  0.749455289220676     
  0.576846076817347     
  0.389554167272829     
  0.194777083636414     
  5.828670879282072E-016
 -0.187291909544518     
 -0.359901121947847     
 -0.511194361977700     
 -0.635357515265947     
 -0.727619061463221     
 -0.784433441090037     
 -0.803617309399205     
 -0.784433441090039     
 -0.727619061463221     
 -0.635357515265945     
 -0.511194361977699     
 -0.359901121947848     
 -0.187291909544517     
 -1.693090112553364E-015
  0.194777083636414     
  0.389554167272829     
  0.576846076817347     
  0.749455289220674     
  0.900748529250529     
   1.02491168253878     
   1.11717322873605     
   1.17398760836287     
 
   1.38046338621655     
   1.36127951790738     
   1.30446513828057     
   1.21220359208329     
   1.08804043879505     
  0.936747198765193     
  0.764137986361865     
  0.576846076817347     
  0.382068993180932     
  0.187291909544518     
  0.000000000000000E+000
 -0.172609212403329     
 -0.323902452433182     
 -0.448065605721429     
 -0.540327151918703     
 -0.597141531545519     
 -0.616325399854687     
 -0.597141531545521     
 -0.540327151918703     
 -0.448065605721427     
 -0.323902452433181     
 -0.172609212403330     
  1.165734175856414E-015
  0.187291909544516     
  0.382068993180932     
  0.576846076817347     
  0.764137986361865     
  0.936747198765192     
   1.08804043879505     
   1.21220359208329     
   1.30446513828057     
   1.36127951790739     
 
   1.55307259861988     
   1.53388873031071     
   1.47707435068390     
   1.38481280448662     
   1.26064965119837     
   1.10935641116852     
  0.936747198765192     
  0.749455289220674     
  0.554678205584259     
  0.359901121947846     
  0.172609212403327     
 -1.665334536937735E-015
 -0.151293240029855     
 -0.275456393318102     
 -0.367717939515376     
 -0.424532319142192     
 -0.443716187451360     
 -0.424532319142194     
 -0.367717939515376     
 -0.275456393318100     
 -0.151293240029854     
 -2.775557561562891E-015
  0.172609212403328     
  0.359901121947843     
  0.554678205584259     
  0.749455289220674     
  0.936747198765192     
   1.10935641116852     
   1.26064965119837     
   1.38481280448662     
   1.47707435068389     
   1.53388873031071     
 
   1.70436583864973     
   1.68518197034057     
   1.62836759071375     
   1.53610604451647     
   1.41194289122823     
   1.26064965119838     
   1.08804043879505     
  0.900748529250529     
  0.705971445614114     
  0.511194361977700     
  0.323902452433182     
  0.151293240029853     
 -5.551115123125783E-016
 -0.124163153288247     
 -0.216424699485521     
 -0.273239079112337     
 -0.292422947421505     
 -0.273239079112339     
 -0.216424699485521     
 -0.124163153288245     
  1.110223024625157E-015
  0.151293240029852     
  0.323902452433183     
  0.511194361977698     
  0.705971445614114     
  0.900748529250529     
   1.08804043879505     
   1.26064965119837     
   1.41194289122823     
   1.53610604451648     
   1.62836759071375     
   1.68518197034057     
 
   1.82852899193798     
   1.80934512362881     
   1.75253074400200     
   1.66026919780472     
   1.53610604451648     
   1.38481280448662     
   1.21220359208329     
   1.02491168253878     
  0.830134598902361     
  0.635357515265947     
  0.448065605721429     
  0.275456393318100     
  0.124163153288246     
  0.000000000000000E+000
 -9.226154619727456E-002
 -0.149075925824090     
 -0.168259794133258     
 -0.149075925824092     
 -9.226154619727434E-002
  1.443289932012704E-015
  0.124163153288248     
  0.275456393318099     
  0.448065605721430     
  0.635357515265945     
  0.830134598902361     
   1.02491168253878     
   1.21220359208329     
   1.38481280448662     
   1.53610604451648     
   1.66026919780472     
   1.75253074400199     
   1.80934512362881     
 
   1.92079053813525     
   1.90160666982609     
   1.84479229019927     
   1.75253074400199     
   1.62836759071375     
   1.47707435068389     
   1.30446513828057     
   1.11717322873605     
  0.922396145099633     
  0.727619061463219     
  0.540327151918701     
  0.367717939515372     
  0.216424699485518     
  9.226154619727200E-002
 -2.553512956637860E-015
 -5.681437962681790E-002
 -7.599824793598642E-002
 -5.681437962682012E-002
 -2.331468351712829E-015
  9.226154619727345E-002
  0.216424699485520     
  0.367717939515371     
  0.540327151918702     
  0.727619061463217     
  0.922396145099633     
   1.11717322873605     
   1.30446513828057     
   1.47707435068389     
   1.62836759071375     
   1.75253074400199     
   1.84479229019927     
   1.90160666982609     
 
   1.97760491776207     
   1.95842104945291     
   1.90160666982609     
   1.80934512362881     
   1.68518197034057     
   1.53388873031071     
   1.36127951790739     
   1.17398760836287     
  0.979210524726452     
  0.784433441090039     
  0.597141531545521     
  0.424532319142192     
  0.273239079112338     
  0.149075925824092     
  5.681437962681712E-002
  1.776356839400250E-015
 -1.918386830916674E-002
 -4.440892098500626E-016
  5.681437962681735E-002
  0.149075925824093     
  0.273239079112340     
  0.424532319142191     
  0.597141531545522     
  0.784433441090037     
  0.979210524726452     
   1.17398760836287     
   1.36127951790739     
   1.53388873031071     
   1.68518197034057     
   1.80934512362881     
   1.90160666982609     
   1.95842104945291     
 
