  -2.20214828353939     
  -2.18287171244469     
  -2.12578278697732     
  -2.03307540252715     
  -1.90831225188772     
  -1.75628791297010     
  -1.58284459586268     
  -1.39464762997376     
  -1.19892931916036     
  -1.00321100834697     
 -0.815014042458047     
 -0.641570725350624     
 -0.489546386433009     
 -0.364783235793573     
 -0.272075851343411     
 -0.214986925876042     
 -0.195710354781337     
 -0.214986925876041     
 -0.272075851343411     
 -0.364783235793573     
 -0.489546386433008     
 -0.641570725350624     
 -0.815014042458047     
  -1.00321100834697     
  -1.19892931916036     
  -1.39464762997376     
  -1.58284459586268     
  -1.75628791297010     
  -1.90831225188772     
  -2.03307540252715     
  -2.12578278697732     
  -2.18287171244469     
 
  -2.16359514135376     
  -2.14431857025884     
  -2.08722964479084     
  -1.99452226033964     
  -1.86975910969881     
  -1.71773477077949     
  -1.54429145367013     
  -1.35609448777910     
  -1.16037617696353     
 -0.964657866147948     
 -0.776460900256920     
 -0.603017583147558     
 -0.450993244228244     
 -0.326230093587415     
 -0.233522709136217     
 -0.176433783668209     
 -0.157157212573289     
 -0.176433783668209     
 -0.233522709136217     
 -0.326230093587415     
 -0.450993244228244     
 -0.603017583147558     
 -0.776460900256919     
 -0.964657866147948     
  -1.16037617696353     
  -1.35609448777910     
  -1.54429145367013     
  -1.71773477077949     
  -1.86975910969881     
  -1.99452226033964     
  -2.08722964479084     
  -2.14431857025884     
 
  -2.08722964479050     
  -2.06795307369540     
  -2.01086414822688     
  -1.91815676377484     
  -1.79339361313289     
  -1.64136927421220     
  -1.46792595710127     
  -1.27972899120855     
  -1.08401068039120     
 -0.888292369573857     
 -0.700095403681129     
 -0.526652086570202     
 -0.374627747649515     
 -0.249864597007559     
 -0.157157212555524     
 -0.100068287087001     
 -8.079171599190693E-002
 -0.100068287087001     
 -0.157157212555524     
 -0.249864597007559     
 -0.374627747649515     
 -0.526652086570201     
 -0.700095403681129     
 -0.888292369573856     
  -1.08401068039120     
  -1.27972899120855     
  -1.46792595710127     
  -1.64136927421220     
  -1.79339361313289     
  -1.91815676377484     
  -2.01086414822688     
  -2.06795307369540     
 
  -1.97524568924007     
  -1.95596911814484     
  -1.89888019267590     
  -1.80617280822319     
  -1.68140965758032     
  -1.52938531865852     
  -1.35594200154633     
  -1.16774503565223     
 -0.972026724833458     
 -0.776308414014685     
 -0.588111448120584     
 -0.414668131008392     
 -0.262643792086596     
 -0.137880641443730     
 -4.517325699101841E-002
  1.191566847792125E-002
  3.119223957315587E-002
  1.191566847792125E-002
 -4.517325699101834E-002
 -0.137880641443730     
 -0.262643792086595     
 -0.414668131008391     
 -0.588111448120584     
 -0.776308414014685     
 -0.972026724833458     
  -1.16774503565223     
  -1.35594200154633     
  -1.52938531865852     
  -1.68140965758032     
  -1.80617280822319     
  -1.89888019267590     
  -1.95596911814484     
 
  -1.83120596749662     
  -1.81192939640127     
  -1.75484047093200     
  -1.66213308647874     
  -1.53736993583514     
  -1.38534559691245     
  -1.21190227979923     
  -1.02370531390402     
 -0.827987003084093     
 -0.632268692264167     
 -0.444071726368957     
 -0.270628409255742     
 -0.118604070333050     
  6.159080310551568E-003
  9.886646476380961E-002
  0.155955390233086     
  0.175231961328434     
  0.155955390233086     
  9.886646476380972E-002
  6.159080310551651E-003
 -0.118604070333049     
 -0.270628409255741     
 -0.444071726368956     
 -0.632268692264166     
 -0.827987003084093     
  -1.02370531390402     
  -1.21190227979923     
  -1.38534559691244     
  -1.53736993583514     
  -1.66213308647874     
  -1.75484047093200     
  -1.81192939640127     
 
  -1.65990505747186     
  -1.64062848637642     
  -1.58353956090687     
  -1.49083217645317     
  -1.36606902580898     
  -1.21404468688556     
  -1.04060136977152     
 -0.852404403875413     
 -0.656686093054555     
 -0.460967782233696     
 -0.272770816337590     
 -9.932749922354878E-002
  5.269683969986719E-002
  0.177459990344063     
  0.270167374797762     
  0.327256300267310     
  0.346532871362750     
  0.327256300267310     
  0.270167374797762     
  0.177459990344063     
  5.269683969986735E-002
 -9.932749922354844E-002
 -0.272770816337590     
 -0.460967782233696     
 -0.656686093054554     
 -0.852404403875413     
  -1.04060136977152     
  -1.21404468688556     
  -1.36606902580898     
  -1.49083217645317     
  -1.58353956090687     
  -1.64062848637642     
 
  -1.46718516925480     
  -1.44790859815928     
  -1.39081967268951     
  -1.29811228823546     
  -1.17334913759078     
  -1.02132479866678     
 -0.847881481552074     
 -0.659684515655244     
 -0.463966204833632     
 -0.268247894012020     
 -8.005092811519006E-002
  9.339238899951807E-002
  0.245416727923519     
  0.370179878568194     
  0.462887263022250     
  0.519976188492018     
  0.539252759587532     
  0.519976188492018     
  0.462887263022250     
  0.370179878568194     
  0.245416727923519     
  9.339238899951827E-002
 -8.005092811518992E-002
 -0.268247894012020     
 -0.463966204833632     
 -0.659684515655243     
 -0.847881481552074     
  -1.02132479866678     
  -1.17334913759078     
  -1.29811228823546     
  -1.39081967268951     
  -1.44790859815928     
 
  -1.25971163225438     
  -1.24043506115880     
  -1.18334613568886     
  -1.09063875123451     
 -0.965875600589452     
 -0.813851261664979     
 -0.640407944549732     
 -0.452210978652317     
 -0.256492667830098     
 -6.077435700787814E-002
  0.127422608889537     
  0.300865926004784     
  0.452890264929257     
  0.577653415574319     
  0.670360800028664     
  0.727449725498609     
  0.746726296594183     
  0.727449725498609     
  0.670360800028664     
  0.577653415574320     
  0.452890264929257     
  0.300865926004784     
  0.127422608889537     
 -6.077435700787776E-002
 -0.256492667830097     
 -0.452210978652317     
 -0.640407944549732     
 -0.813851261664979     
 -0.965875600589452     
  -1.09063875123451     
  -1.18334613568886     
  -1.24043506115880     
 
  -1.04471675032829     
  -1.02544017923266     
 -0.968351253762576     
 -0.875643869307999     
 -0.750880718662623     
 -0.598856379737769     
 -0.425413062622087     
 -0.237216096724200     
 -4.149778590148968E-002
  0.154220524921221     
  0.342417490819108     
  0.515860807934790     
  0.667885146859644     
  0.792648297505020     
  0.885355681959596     
  0.942444607429685     
  0.961721178525307     
  0.942444607429685     
  0.885355681959597     
  0.792648297505020     
  0.667885146859644     
  0.515860807934790     
  0.342417490819108     
  0.154220524921221     
 -4.149778590148946E-002
 -0.237216096724200     
 -0.425413062622087     
 -0.598856379737769     
 -0.750880718662623     
 -0.875643869307999     
 -0.968351253762576     
  -1.02544017923266     
 
 -0.829721868401619     
 -0.810445297305957     
 -0.753356371835753     
 -0.660648987380989     
 -0.535885836735361     
 -0.383861497810199     
 -0.210418180694165     
 -2.222121479589717E-002
  0.173497096027210     
  0.369215406850317     
  0.557412372748585     
  0.730855689864618     
  0.882880028789780     
   1.00764317943541     
   1.10035056389017     
   1.15743948936038     
   1.17671606045604     
   1.15743948936038     
   1.10035056389017     
   1.00764317943541     
  0.882880028789781     
  0.730855689864618     
  0.557412372748585     
  0.369215406850317     
  0.173497096027210     
 -2.222121479589678E-002
 -0.210418180694165     
 -0.383861497810198     
 -0.535885836735360     
 -0.660648987380989     
 -0.753356371835753     
 -0.810445297305957     
 
 -0.622248331399448     
 -0.602971760303755     
 -0.545882834833458     
 -0.453175450378542     
 -0.328412299732710     
 -0.176387960807299     
 -2.944643690982504E-003
  0.185252322207593     
  0.380970633031020     
  0.576688943854447     
  0.764885909753022     
  0.938329226869339     
   1.09035356579475     
   1.21511671644058     
   1.30782410089550     
   1.36491302636580     
   1.38418959746149     
   1.36491302636580     
   1.30782410089550     
   1.21511671644058     
   1.09035356579475     
  0.938329226869339     
  0.764885909753023     
  0.576688943854447     
  0.380970633031020     
  0.185252322207593     
 -2.944643690982310E-003
 -0.176387960807299     
 -0.328412299732710     
 -0.453175450378542     
 -0.545882834833458     
 -0.602971760303755     
 
 -0.429528443179382     
 -0.410251872083664     
 -0.353162946613291     
 -0.260455562158253     
 -0.135692411512256     
  1.633192741335462E-002
  0.189775244529900     
  0.377972210428724     
  0.573690521252409     
  0.769408832076093     
  0.957605797974917     
   1.13104911509146     
   1.28307345401707     
   1.40783660466307     
   1.50054398911811     
   1.55763291458848     
   1.57690948568420     
   1.55763291458848     
   1.50054398911811     
   1.40783660466307     
   1.28307345401707     
   1.13104911509146     
  0.957605797974918     
  0.769408832076094     
  0.573690521252409     
  0.377972210428724     
  0.189775244529900     
  1.633192741335499E-002
 -0.135692411512256     
 -0.260455562158253     
 -0.353162946613291     
 -0.410251872083663     
 
 -0.258227533150245     
 -0.238950962054506     
 -0.181862036584073     
 -8.915465212893690E-002
  3.560849851719254E-002
  0.187632837442965     
  0.361076154559695     
  0.549273120458719     
  0.744991431282612     
  0.940709742106505     
   1.12890670800553     
   1.30235002512226     
   1.45437436404803     
   1.57913751469416     
   1.67184489914930     
   1.72893382461973     
   1.74821039571547     
   1.72893382461973     
   1.67184489914930     
   1.57913751469416     
   1.45437436404803     
   1.30235002512226     
   1.12890670800553     
  0.940709742106505     
  0.744991431282612     
  0.549273120458719     
  0.361076154559695     
  0.187632837442965     
  3.560849851719268E-002
 -8.915465212893678E-002
 -0.181862036584073     
 -0.238950962054506     
 
 -0.114187811400866     
 -9.491124030511067E-002
 -3.782231483462885E-002
  5.488506962058727E-002
  0.179648220266824     
  0.331672559192726     
  0.505115876309605     
  0.693312842208790     
  0.889031153032850     
   1.08474946385691     
   1.27294642975610     
   1.44638974687297     
   1.59841408579888     
   1.72317723644511     
   1.81588462090033     
   1.87297354637081     
   1.89225011746657     
   1.87297354637081     
   1.81588462090033     
   1.72317723644511     
   1.59841408579888     
   1.44638974687297     
   1.27294642975610     
   1.08474946385691     
  0.889031153032851     
  0.693312842208790     
  0.505115876309605     
  0.331672559192727     
  0.179648220266824     
  5.488506962058731E-002
 -3.782231483462881E-002
 -9.491124030511057E-002
 
 -2.203855842715763E-003
  1.707271525305298E-002
  7.416164072357431E-002
  0.166869025178854     
  0.291632175825177     
  0.443656514751185     
  0.617099831868183     
  0.805296797767497     
   1.00101510859169     
   1.19673341941589     
   1.38493038531520     
   1.55837370243220     
   1.71039804135821     
   1.83516119200453     
   1.92786857645981     
   1.98495750193033     
   2.00423407302610     
   1.98495750193033     
   1.92786857645981     
   1.83516119200453     
   1.71039804135821     
   1.55837370243220     
   1.38493038531520     
   1.19673341941589     
   1.00101510859169     
  0.805296797767498     
  0.617099831868183     
  0.443656514751185     
  0.291632175825177     
  0.166869025178854     
  7.416164072357437E-002
  1.707271525305300E-002
 
  7.416164073039377E-002
  9.343821182617318E-002
  0.150527137296726     
  0.243234521752058     
  0.367997672398449     
  0.520022011324542     
  0.693465328441636     
  0.881662294341056     
   1.07738060516536     
   1.27309891598966     
   1.46129588188908     
   1.63473919900618     
   1.78676353793227     
   1.91152668857866     
   2.00423407303399     
   2.06132299850455     
   2.08059956960033     
   2.06132299850455     
   2.00423407303399     
   1.91152668857866     
   1.78676353793227     
   1.63473919900618     
   1.46129588188908     
   1.27309891598966     
   1.07738060516536     
  0.881662294341056     
  0.693465328441636     
  0.520022011324542     
  0.367997672398450     
  0.243234521752058     
  0.150527137296726     
  9.343821182617322E-002
 
  0.112714782928390     
  0.131991354024178     
  0.189080279494756     
  0.281787663950129     
  0.406550814596576     
  0.558575153522736     
  0.732018470639908     
  0.920215436539412     
   1.11593374736380     
   1.31165205818819     
   1.49984902408770     
   1.67329234120487     
   1.82531668013103     
   1.95007983077748     
   2.04278721523285     
   2.09987614070343     
   2.11915271179922     
   2.09987614070343     
   2.04278721523285     
   1.95007983077748     
   1.82531668013103     
   1.67329234120487     
   1.49984902408770     
   1.31165205818819     
   1.11593374736380     
  0.920215436539412     
  0.732018470639908     
  0.558575153522737     
  0.406550814596577     
  0.281787663950129     
  0.189080279494756     
  0.131991354024178     
 
  0.112714782934425     
  0.131991354030220     
  0.189080279500819     
  0.281787663956225     
  0.406550814602717     
  0.558575153528931     
  0.732018470646165     
  0.920215436545735     
   1.11593374737020     
   1.31165205819466     
   1.49984902409423     
   1.67329234121146     
   1.82531668013768     
   1.95007983078417     
   2.04278721523957     
   2.09987614071017     
   2.11915271180597     
   2.09987614071017     
   2.04278721523957     
   1.95007983078417     
   1.82531668013768     
   1.67329234121146     
   1.49984902409423     
   1.31165205819466     
   1.11593374737020     
  0.920215436545735     
  0.732018470646165     
  0.558575153528931     
  0.406550814602717     
  0.281787663956225     
  0.189080279500819     
  0.131991354030220     
 
  7.490242856523599E-002
  9.417899966103638E-002
  0.151267925131652     
  0.243975309587084     
  0.368738460233612     
  0.520762799159870     
  0.694206116277153     
  0.882403082176777     
   1.07812139300129     
   1.27383970382581     
   1.46203666972544     
   1.63547998684272     
   1.78750432576898     
   1.91226747641551     
   2.00497486087094     
   2.06206378634155     
   2.08134035743735     
   2.06206378634155     
   2.00497486087094     
   1.91226747641551     
   1.78750432576898     
   1.63547998684272     
   1.46203666972544     
   1.27383970382581     
   1.07812139300130     
  0.882403082176778     
  0.694206116277153     
  0.520762799159870     
  0.368738460233612     
  0.243975309587084     
  0.151267925131652     
  9.417899966103643E-002
 
  1.471615210786537E-003
  2.074818630659137E-002
  7.783711177721972E-002
  0.170544496232673     
  0.295307646879230     
  0.447331985805522     
  0.620775302922845     
  0.808972268822513     
   1.00469057964708     
   1.20040889047164     
   1.38860585637131     
   1.56204917348863     
   1.71407351241492     
   1.83883666306148     
   1.93154404751693     
   1.98863297298756     
   2.00790954408336     
   1.98863297298756     
   1.93154404751693     
   1.83883666306148     
   1.71407351241492     
   1.56204917348863     
   1.38860585637131     
   1.20040889047164     
   1.00469057964708     
  0.808972268822513     
  0.620775302922846     
  0.447331985805523     
  0.295307646879230     
  0.170544496232673     
  7.783711177721978E-002
  2.074818630659148E-002
 
 -0.104014964335225     
 -8.473839323941634E-002
 -2.764946776877769E-002
  6.505791668669303E-002
  0.189821067333272     
  0.341845406259592     
  0.515288723376947     
  0.703485689276649     
  0.899204000101247     
   1.09492231092585     
   1.28311927682555     
   1.45656259394290     
   1.60858693286922     
   1.73335008351580     
   1.82605746797127     
   1.88314639344191     
   1.90242296453772     
   1.88314639344191     
   1.82605746797127     
   1.73335008351580     
   1.60858693286922     
   1.45656259394290     
   1.28311927682555     
   1.09492231092585     
  0.899204000101247     
  0.703485689276649     
  0.515288723376947     
  0.341845406259593     
  0.189821067333272     
  6.505791668669311E-002
 -2.764946776877758E-002
 -8.473839323941623E-002
 
 -0.236762732161445     
 -0.217486161065634     
 -0.160397235594987     
 -6.768985113950260E-002
  5.707329950709442E-002
  0.209097638433437     
  0.382540955550817     
  0.570737921450546     
  0.766456232275172     
  0.962174543099798     
   1.15037150899953     
   1.32381482611691     
   1.47583916504325     
   1.60060231568985     
   1.69330970014533     
   1.75039862561598     
   1.76967519671179     
   1.75039862561598     
   1.69330970014533     
   1.60060231568985     
   1.47583916504325     
   1.32381482611691     
   1.15037150899953     
  0.962174543099799     
  0.766456232275172     
  0.570737921450546     
  0.382540955550817     
  0.209097638433437     
  5.707329950709458E-002
 -6.768985113950246E-002
 -0.160397235594987     
 -0.217486161065634     
 
 -0.390929478179170     
 -0.371652907083357     
 -0.314563981612704     
 -0.221856597157209     
 -9.709344651059777E-002
  5.493089241576193E-002
  0.228374209533161     
  0.416571175432912     
  0.612289486257561     
  0.808007797082209     
  0.996204762981960     
   1.16964808009936     
   1.32167241902572     
   1.44643556967233     
   1.53914295412782     
   1.59623187959848     
   1.61550845069429     
   1.59623187959848     
   1.53914295412782     
   1.44643556967233     
   1.32167241902572     
   1.16964808009936     
  0.996204762981960     
  0.808007797082209     
  0.612289486257561     
  0.416571175432912     
  0.228374209533162     
  5.493089241576210E-002
 -9.709344651059763E-002
 -0.221856597157209     
 -0.314563981612703     
 -0.371652907083357     
 
 -0.559849872979713     
 -0.540573301883898     
 -0.483484376413239     
 -0.390776991957736     
 -0.266013841311114     
 -0.113989502384741     
  5.945381473267443E-002
  0.247650780632442     
  0.443369091457108     
  0.639087402281774     
  0.827284368181541     
   1.00072768529896     
   1.15275202422533     
   1.27751517487195     
   1.37022255932745     
   1.42731148479811     
   1.44658805589393     
   1.42731148479811     
   1.37022255932745     
   1.27751517487195     
   1.15275202422533     
   1.00072768529896     
  0.827284368181541     
  0.639087402281774     
  0.443369091457108     
  0.247650780632442     
  5.945381473267462E-002
 -0.113989502384740     
 -0.266013841311114     
 -0.390776991957736     
 -0.483484376413239     
 -0.540573301883898     
 
 -0.736291612705610     
 -0.717015041609794     
 -0.659926116139131     
 -0.567218731683622     
 -0.442455581036991     
 -0.290431242110607     
 -0.116987924993180     
  7.120904090660068E-002
  0.266927351731280     
  0.462645662555960     
  0.650842628455740     
  0.824285945573167     
  0.976310284499551     
   1.10107343514618     
   1.19378081960169     
   1.25086974507235     
   1.27014631616817     
   1.25086974507235     
   1.19378081960169     
   1.10107343514618     
  0.976310284499552     
  0.824285945573168     
  0.650842628455741     
  0.462645662555960     
  0.266927351731281     
  7.120904090660085E-002
 -0.116987924993180     
 -0.290431242110607     
 -0.442455581036991     
 -0.567218731683622     
 -0.659926116139131     
 -0.717015041609793     
 
 -0.912733352431950     
 -0.893456781336133     
 -0.836367855865467     
 -0.743660471409953     
 -0.618897320763315     
 -0.466872981836923     
 -0.293429664719487     
 -0.105232698819696     
  9.048561200499375E-002
  0.286203922829684     
  0.474400888729474     
  0.647844205846911     
  0.799868544773303     
  0.924631695419940     
   1.01733907987545     
   1.07442800534612     
   1.09370457644194     
   1.07442800534612     
   1.01733907987545     
  0.924631695419941     
  0.799868544773303     
  0.647844205846911     
  0.474400888729475     
  0.286203922829684     
  9.048561200499397E-002
 -0.105232698819696     
 -0.293429664719487     
 -0.466872981836923     
 -0.618897320763315     
 -0.743660471409953     
 -0.836367855865467     
 -0.893456781336132     
 
  -1.08165374723382     
  -1.06237717613800     
  -1.00528825066733     
 -0.912580866211813     
 -0.787817715565170     
 -0.635793376638772     
 -0.462350059521329     
 -0.274153093621531     
 -7.843478279683273E-002
  0.117283528027865     
  0.305480493927663     
  0.478923811045106     
  0.630948149971505     
  0.755711300618147     
  0.848418685073665     
  0.905507610544333     
  0.924784181640151     
  0.905507610544333     
  0.848418685073665     
  0.755711300618148     
  0.630948149971505     
  0.478923811045107     
  0.305480493927663     
  0.117283528027866     
 -7.843478279683251E-002
 -0.274153093621530     
 -0.462350059521329     
 -0.635793376638772     
 -0.787817715565170     
 -0.912580866211813     
  -1.00528825066733     
  -1.06237717613800     
 
  -1.23582049325374     
  -1.21654392215792     
  -1.15945499668725     
  -1.06674761223173     
 -0.941984461585080     
 -0.789960122658678     
 -0.616516805541229     
 -0.428319839641426     
 -0.232601528816722     
 -3.688321799201835E-002
  0.151313747907785     
  0.324757065025234     
  0.476781403951636     
  0.601544554598283     
  0.694251939053803     
  0.751340864524473     
  0.770617435620292     
  0.751340864524473     
  0.694251939053804     
  0.601544554598283     
  0.476781403951636     
  0.324757065025234     
  0.151313747907786     
 -3.688321799201802E-002
 -0.232601528816722     
 -0.428319839641426     
 -0.616516805541229     
 -0.789960122658678     
 -0.941984461585080     
  -1.06674761223173     
  -1.15945499668725     
  -1.21654392215792     
 
  -1.36856826108299     
  -1.34929168998718     
  -1.29220276451650     
  -1.19949538006098     
  -1.07473222941433     
 -0.922707890487927     
 -0.749264573370475     
 -0.561067607470668     
 -0.365349296645960     
 -0.169630985821253     
  1.856598007855468E-002
  0.192009297196007     
  0.344033636122412     
  0.468796786769061     
  0.561504171224584     
  0.618593096695254     
  0.637869667791074     
  0.618593096695254     
  0.561504171224584     
  0.468796786769061     
  0.344033636122412     
  0.192009297196007     
  1.856598007855483E-002
 -0.169630985821252     
 -0.365349296645960     
 -0.561067607470668     
 -0.749264573370475     
 -0.922707890487927     
  -1.07473222941433     
  -1.19949538006098     
  -1.29220276451650     
  -1.34929168998717     
 
  -1.47405484063286     
  -1.45477826953704     
  -1.39768934406637     
  -1.30498195961085     
  -1.18021880896420     
  -1.02819447003779     
 -0.854751152920334     
 -0.666554187020524     
 -0.470835876195814     
 -0.275117565371103     
 -8.692059947129328E-002
  8.652271764616118E-002
  0.238547056572569     
  0.363310207219220     
  0.456017591674744     
  0.513106517145415     
  0.532383088241234     
  0.513106517145415     
  0.456017591674744     
  0.363310207219220     
  0.238547056572569     
  8.652271764616126E-002
 -8.692059947129303E-002
 -0.275117565371103     
 -0.470835876195814     
 -0.666554187020524     
 -0.854751152920334     
  -1.02819447003779     
  -1.18021880896420     
  -1.30498195961085     
  -1.39768934406637     
  -1.45477826953704     
 
  -1.54748565399195     
  -1.52820908289613     
  -1.47112015742545     
  -1.37841277296993     
  -1.25364962232328     
  -1.10162528339687     
 -0.928181966279412     
 -0.739985000379600     
 -0.544266689554888     
 -0.348548378730176     
 -0.160351412830365     
  1.309190428709114E-002
  0.165116243213500     
  0.289879393860152     
  0.382586778315677     
  0.439675703786349     
  0.458952274882168     
  0.439675703786349     
  0.382586778315677     
  0.289879393860152     
  0.165116243213500     
  1.309190428709137E-002
 -0.160351412830364     
 -0.348548378730176     
 -0.544266689554888     
 -0.739985000379600     
 -0.928181966279412     
  -1.10162528339687     
  -1.25364962232328     
  -1.37841277296993     
  -1.47112015742545     
  -1.52820908289613     
 
  -1.58529800836650     
  -1.56602143727068     
  -1.50893251180000     
  -1.41622512734448     
  -1.29146197669783     
  -1.13943763777142     
 -0.965994320653962     
 -0.777797354754149     
 -0.582079043929436     
 -0.386360733104724     
 -0.198163767204911     
 -2.472045008745472E-002
  0.127303888838955     
  0.252067039485607     
  0.344774423941132     
  0.401863349411804     
  0.421139920507624     
  0.401863349411804     
  0.344774423941132     
  0.252067039485607     
  0.127303888838955     
 -2.472045008745444E-002
 -0.198163767204911     
 -0.386360733104723     
 -0.582079043929436     
 -0.777797354754149     
 -0.965994320653961     
  -1.13943763777142     
  -1.29146197669783     
  -1.41622512734448     
  -1.50893251180000     
  -1.56602143727068     
 
